service_id,monday,tuesday,wednesday,thursday,friday,saturday,sunday,start_date,end_date,events_and_status,operating_days,duty
27690,1,1,1,1,1,0,0,20260712,20260822,,muwtf,
27693,1,1,1,1,1,0,0,20260712,20260822,PHoff,muwtf,
27694,0,0,0,0,0,0,0,20260712,20260822,PHon,muwtf,
27695,1,1,1,1,1,0,0,20260712,20260822,R2off,muwtf,60-22
27696,0,0,0,0,0,0,0,20260712,20260822,R2on,muwtf,60-22
27697,1,1,1,1,1,0,0,20260712,20260822,R3off,muwtf,61-08
27698,0,0,0,0,0,0,0,20260712,20260822,R3on,muwtf,61-08
27699,1,1,1,1,1,0,0,20260712,20260822,RAoff,muwtf,52-04
27700,0,0,0,0,0,0,0,20260712,20260822,RAon,muwtf,52-04
27701,1,1,1,1,1,0,0,20260712,20260822,RDoff,muwtf,7-06
27704,1,1,1,1,1,0,0,20260712,20260822,RFoff,muwtf,C-03
27707,1,1,1,1,1,0,0,20260712,20260822,RGoff,muwtf,40-08
27708,1,1,1,1,1,0,0,20260712,20260822,RGoff,muwtf,60-23
27710,0,0,0,0,0,0,0,20260712,20260822,RGon,muwtf,60-23
27714,1,1,1,1,1,0,0,20260712,20260822,RIoff,muwtf,1L-08
27715,0,0,0,0,0,0,0,20260712,20260822,RIon,muwtf,1L-08
27716,1,1,1,1,1,0,0,20260712,20260822,RLoff,muwtf,51-08
27717,1,1,1,1,1,0,0,20260712,20260822,RLoff,muwtf,51-07
27718,0,0,0,0,0,0,0,20260712,20260822,RLon,muwtf,51-07
27719,0,0,0,0,0,0,0,20260712,20260822,RLon,muwtf,51-08
27720,1,1,1,1,1,0,0,20260712,20260822,RNoff,muwtf,A-05
27723,1,1,1,1,1,0,0,20260712,20260822,ROoff,muwtf,42-04
27726,1,1,1,1,1,0,0,20260712,20260822,RQoff,muwtf,51-03
27727,1,1,1,1,1,0,0,20260712,20260822,RQoff,muwtf,53-06
27732,1,1,1,1,1,0,0,20260712,20260822,RRoff,muwtf,123-02
27735,1,1,1,1,1,0,0,20260712,20260822,RUoff,muwtf,E-11
27736,1,1,1,1,1,0,0,20260712,20260822,RUoff,muwtf,E-10
27737,1,1,1,1,1,0,0,20260712,20260822,RUoff,muwtf,65-02
27738,1,1,1,1,1,0,0,20260712,20260822,RUoff,muwtf,60-05
27741,0,0,0,0,0,0,0,20260712,20260822,RUon,muwtf,E-10
27742,0,0,0,0,0,0,0,20260712,20260822,RUon,muwtf,E-11
27745,1,1,1,1,1,0,0,20260712,20260822,RVoff,muwtf,10-02
27746,1,1,1,1,1,0,0,20260712,20260822,RVoff,muwtf,10-01
27747,1,1,1,1,1,0,0,20260712,20260822,RVoff,muwtf,6-06
27748,1,1,1,1,1,0,0,20260712,20260822,RVoff,muwtf,61-13
27749,0,0,0,0,0,0,0,20260712,20260822,RVon,muwtf,61-13
27750,0,0,0,0,0,0,0,20260712,20260822,RVon,muwtf,10-01
27751,0,0,0,0,0,0,0,20260712,20260822,RVon,muwtf,10-02
27752,0,0,0,0,0,0,0,20260712,20260822,RVon,muwtf,6-06
27753,0,0,0,0,0,0,0,20260712,20260822,S3on,muwtf,TripK-01
27754,0,0,0,0,0,0,0,20260712,20260822,SAon,muwtf,TripP-01
27755,0,0,0,0,0,0,0,20260712,20260822,SGon,muwtf,TripP-02
27756,0,0,0,0,0,0,0,20260712,20260822,SQon,muwtf,TripP-04
27757,0,0,0,0,0,0,0,20260712,20260822,SQon,muwtf,TripP-03
27758,0,0,0,0,0,0,0,20260712,20260822,SUon,muwtf,TripP-05
27760,1,1,1,1,1,0,0,20260823,20261205,,muwtf,
27765,0,0,0,0,0,0,0,20260823,20261205,PHoff,muwtf,
27766,1,1,1,1,1,0,0,20260823,20261205,PHon,muwtf,
27767,0,0,0,0,0,0,0,20260823,20261205,R2off,muwtf,52-12
27768,1,1,1,1,1,0,0,20260823,20261205,R2on,muwtf,52-12
27769,0,0,0,0,0,0,0,20260823,20261205,R3off,muwtf,3-13
27770,1,1,1,1,1,0,0,20260823,20261205,R3on,muwtf,3-13
27771,0,0,0,0,0,0,0,20260823,20261205,RAoff,muwtf,40-07
27772,1,1,1,1,1,0,0,20260823,20261205,RAon,muwtf,40-07
27773,0,0,0,0,0,0,0,20260823,20261205,RDoff,muwtf,1L-06
27776,0,0,0,0,0,0,0,20260823,20261205,RFoff,muwtf,C-01
27779,0,0,0,0,0,0,0,20260823,20261205,RGoff,muwtf,60-03
27780,0,0,0,0,0,0,0,20260823,20261205,RGoff,muwtf,60-23
27782,1,1,1,1,1,0,0,20260823,20261205,RGon,muwtf,60-23
27786,0,0,0,0,0,0,0,20260823,20261205,RIoff,muwtf,6-04
27787,1,1,1,1,1,0,0,20260823,20261205,RIon,muwtf,6-04
27788,0,0,0,0,0,0,0,20260823,20261205,RLoff,muwtf,51-06
27789,0,0,0,0,0,0,0,20260823,20261205,RLoff,muwtf,51-10
27790,1,1,1,1,1,0,0,20260823,20261205,RLon,muwtf,51-10
27791,1,1,1,1,1,0,0,20260823,20261205,RLon,muwtf,51-06
27792,0,0,0,0,0,0,0,20260823,20261205,RNoff,muwtf,W-01
27795,0,0,0,0,0,0,0,20260823,20261205,ROoff,muwtf,51-01
27798,0,0,0,0,0,0,0,20260823,20261205,RQoff,muwtf,40-02
27799,0,0,0,0,0,0,0,20260823,20261205,RQoff,muwtf,53-06
27804,0,0,0,0,0,0,0,20260823,20261205,RRoff,muwtf,123-02
27807,0,0,0,0,0,0,0,20260823,20261205,RUoff,muwtf,65-01
27808,0,0,0,0,0,0,0,20260823,20261205,RUoff,muwtf,E-10
27809,0,0,0,0,0,0,0,20260823,20261205,RUoff,muwtf,42-16
27810,0,0,0,0,0,0,0,20260823,20261205,RUoff,muwtf,E-16
27811,0,0,0,0,0,0,0,20260823,20261205,RUoff,muwtf,52-01
27814,1,1,1,1,1,0,0,20260823,20261205,RUon,muwtf,E-16
27815,1,1,1,1,1,0,0,20260823,20261205,RUon,muwtf,42-16
27816,1,1,1,1,1,0,0,20260823,20261205,RUon,muwtf,E-10
27819,0,0,0,0,0,0,0,20260823,20261205,RVoff,muwtf,10-01
27820,0,0,0,0,0,0,0,20260823,20261205,RVoff,muwtf,10-02
27821,0,0,0,0,0,0,0,20260823,20261205,RVoff,muwtf,67-09
27822,0,0,0,0,0,0,0,20260823,20261205,RVoff,muwtf,8-06
27823,1,1,1,1,1,0,0,20260823,20261205,RVon,muwtf,10-02
27824,1,1,1,1,1,0,0,20260823,20261205,RVon,muwtf,67-09
27825,1,1,1,1,1,0,0,20260823,20261205,RVon,muwtf,10-01
27826,1,1,1,1,1,0,0,20260823,20261205,RVon,muwtf,8-06
27689,0,0,0,0,0,1,0,20260712,20260822,,a,
27691,0,0,0,0,0,0,1,20260712,20260822,,s,
27692,0,0,0,0,0,0,0,20260712,20260822,,smuwtfa,
27702,0,0,0,0,0,0,0,20260712,20260822,RDon,m,7-06
27703,0,0,0,0,0,0,0,20260712,20260822,RDon,uwtf,7-06
27705,0,0,0,0,0,0,0,20260712,20260822,RFon,mutf,C-03
27706,0,0,0,0,0,0,0,20260712,20260822,RFon,w,C-03
27709,0,0,0,0,0,0,0,20260712,20260822,RGon,mf,40-08
27711,0,0,0,0,0,0,0,20260712,20260822,RGon,t,40-08
27712,0,0,0,0,0,0,0,20260712,20260822,RGon,u,40-08
27713,0,0,0,0,0,0,0,20260712,20260822,RGon,w,40-08
27721,0,0,0,0,0,0,0,20260712,20260822,RNon,mutf,A-05
27722,0,0,0,0,0,0,0,20260712,20260822,RNon,w,A-05
27724,0,0,0,0,0,0,0,20260712,20260822,ROon,mwf,42-04
27725,0,0,0,0,0,0,0,20260712,20260822,ROon,ut,42-04
27728,0,0,0,0,0,0,0,20260712,20260822,RQon,mwf,51-03
27729,0,0,0,0,0,0,0,20260712,20260822,RQon,mwf,53-06
27730,0,0,0,0,0,0,0,20260712,20260822,RQon,ut,51-03
27731,0,0,0,0,0,0,0,20260712,20260822,RQon,ut,53-06
27733,0,0,0,0,0,0,0,20260712,20260822,RRon,mf,123-02
27734,0,0,0,0,0,0,0,20260712,20260822,RRon,uwt,123-02
27739,0,0,0,0,0,0,0,20260712,20260822,RUon,mutf,65-02
27740,0,0,0,0,0,0,0,20260712,20260822,RUon,mutf,60-05
27743,0,0,0,0,0,0,0,20260712,20260822,RUon,w,65-02
27744,0,0,0,0,0,0,0,20260712,20260822,RUon,w,60-05
27759,0,0,0,0,0,1,0,20260823,20261205,,a,
27761,0,0,0,0,0,0,1,20260823,20261205,,s,
27762,0,0,0,0,0,0,0,20260823,20261205,,smuwtfa,
27763,0,0,0,0,0,0,0,20260823,20261205,AZoff,s,
27764,0,0,0,0,0,0,1,20260823,20261205,AZon,s,
27774,1,0,0,0,0,0,0,20260823,20261205,RDon,m,1L-06
27775,0,1,1,1,1,0,0,20260823,20261205,RDon,uwtf,1L-06
27777,1,1,0,1,1,0,0,20260823,20261205,RFon,mutf,C-01
27778,0,0,1,0,0,0,0,20260823,20261205,RFon,w,C-01
27781,1,0,0,0,1,0,0,20260823,20261205,RGon,mf,60-03
27783,0,0,0,1,0,0,0,20260823,20261205,RGon,t,60-03
27784,0,1,0,0,0,0,0,20260823,20261205,RGon,u,60-03
27785,0,0,1,0,0,0,0,20260823,20261205,RGon,w,60-03
27793,1,1,0,1,1,0,0,20260823,20261205,RNon,mutf,W-01
27794,0,0,1,0,0,0,0,20260823,20261205,RNon,w,W-01
27796,1,0,1,0,1,0,0,20260823,20261205,ROon,mwf,51-01
27797,0,1,0,1,0,0,0,20260823,20261205,ROon,ut,51-01
27800,1,0,1,0,1,0,0,20260823,20261205,RQon,mwf,40-02
27801,1,0,1,0,1,0,0,20260823,20261205,RQon,mwf,53-06
27802,0,1,0,1,0,0,0,20260823,20261205,RQon,ut,40-02
27803,0,1,0,1,0,0,0,20260823,20261205,RQon,ut,53-06
27805,1,0,0,0,1,0,0,20260823,20261205,RRon,mf,123-02
27806,0,1,1,1,0,0,0,20260823,20261205,RRon,uwt,123-02
27812,1,1,0,1,1,0,0,20260823,20261205,RUon,mutf,65-01
27813,1,1,0,1,1,0,0,20260823,20261205,RUon,mutf,52-01
27817,0,0,1,0,0,0,0,20260823,20261205,RUon,w,65-01
27818,0,0,1,0,0,0,0,20260823,20261205,RUon,w,52-01
